14.134725142
21.022039639
25.010857580
30.424876126
32.935061588
37.586178159
40.918719012
43.327073281
48.005150881
49.773832478
52.970321478
56.446247697
59.347044003
60.831778525
65.112544048
67.079810529
69.546401711
72.067157674
75.704690699
77.144840069
79.337375020
82.910380854
84.735492981
87.425274613
88.809111208
92.491899271
94.651344041
95.870982409
98.831194218
101.317851006
103.725538040
105.446623052
107.168611184
111.029535543
111.874659177
114.320220915
116.226680321
118.790782866
121.370125002
122.946829294
124.256818554
127.516683880
129.578704200
131.087688531
133.497737203
134.756509168
138.116042055
139.736208952
141.123707404
143.111845808
146.000982487
147.422765343
150.053648881
151.096168718
153.024693811
154.845335845
156.112909294
158.849988999
160.054728504
162.189835149
163.030709687
165.537069188
167.184439978
169.094684862
170.542317176
172.067132768
174.754191523
175.495232080
177.108838607
178.377407776
180.503016726
181.376268915
183.208084535
184.593652009
186.978843918
188.178341847
189.416068320
192.026656361
193.079726604
194.874144837
196.876481841
197.964492307
199.674684618
201.264014740
202.493594514
204.189671803
205.394992070
207.906257648
209.576509294
210.424175270
212.738672048
213.347919360
215.327919160
216.169538508
217.987721947